20220001 高等数学 3.5 1 87
20220002 高等数学 3.5 1 72
20220003 高等数学 3.5 1 92
20220004 高等数学 3.5 1 74
20220005 高等数学 3.5 1 68
20220006 高等数学 3.5 1 56
20220007 高等数学 3.5 1 76
20220008 高等数学 3.5 1 86
20220009 高等数学 3.5 1 91
20220010 高等数学 3.5 1 64
20220011 高等数学 3.5 1 98
20220012 高等数学 3.5 1 83
20220013 高等数学 3.5 1 72
20220014 高等数学 3.5 1 65
20220015 高等数学 3.5 1 87
20230001 高等数学 3.5 1 63 
20230002 高等数学 3.5 1 81 
20230003 高等数学 3.5 1 69 
20230004 高等数学 3.5 1 75 
20230005 高等数学 3.5 1 76 
20230006 高等数学 3.5 1 72 
20230007 高等数学 3.5 1 65 
20230008 高等数学 3.5 1 87 
20230009 高等数学 3.5 1 90 
20230010 高等数学 3.5 1 93 
20230011 高等数学 3.5 1 97 
20230012 高等数学 3.5 1 74 
20230013 高等数学 3.5 1 89 
20230014 高等数学 3.5 1 88 
20230015 高等数学 3.5 1 82
20220001 离散数学 3.0 2 65
20220002 离散数学 3.0 2 87
20220003 离散数学 3.0 2 56
20220004 离散数学 3.0 2 98
20220005 离散数学 3.0 2 92
20220006 离散数学 3.0 2 91
20220007 离散数学 3.0 2 87
20220008 离散数学 3.0 2 83
20220009 离散数学 3.0 2 74
20220010 离散数学 3.0 2 72
20220011 离散数学 3.0 2 86
20220012 离散数学 3.0 2 72
20220013 离散数学 3.0 2 76
20220014 离散数学 3.0 2 68
20220015 离散数学 3.0 2 64
20230001 离散数学 3.0 2 87 
20230002 离散数学 3.0 2 68 
20230003 离散数学 3.0 2 76 
20230004 离散数学 3.0 2 56 
20230005 离散数学 3.0 2 74 
20230006 离散数学 3.0 2 92 
20230007 离散数学 3.0 2 83 
20230008 离散数学 3.0 2 91 
20230009 离散数学 3.0 2 72 
20230010 离散数学 3.0 2 64 
20230011 离散数学 3.0 2 98 
20230012 离散数学 3.0 2 87 
20230013 离散数学 3.0 2 65 
20230014 离散数学 3.0 2 86 
20230015 离散数学 3.0 2 83
20220001 数据结构 5.0 3 78
20220002 数据结构 5.0 3 21
20220003 数据结构 5.0 3 29
20220004 数据结构 5.0 3 47
20220005 数据结构 5.0 3 82
20220006 数据结构 5.0 3 99
20220007 数据结构 5.0 3 80
20220008 数据结构 5.0 3 57
20220009 数据结构 5.0 3 86
20220010 数据结构 5.0 3 63
20220011 数据结构 5.0 3 79
20220012 数据结构 5.0 3 80
20220013 数据结构 5.0 3 62
20220014 数据结构 5.0 3 54
20220015 数据结构 5.0 3 69
20230001 数据结构 5.0 3 74 
20230002 数据结构 5.0 3 87 
20230003 数据结构 5.0 3 76 
20230004 数据结构 5.0 3 91 
20230005 数据结构 5.0 3 68 
20230006 数据结构 5.0 3 83 
20230007 数据结构 5.0 3 72 
20230008 数据结构 5.0 3 98 
20230009 数据结构 5.0 3 86 
20230010 数据结构 5.0 3 56 
20230011 数据结构 5.0 3 75 
20230012 数据结构 5.0 3 87 
20230013 数据结构 5.0 3 64 
20230014 数据结构 5.0 3 92 
20230015 数据结构 5.0 3 87
20220001 软件工程 1.5 4 78
20220002 软件工程 1.5 4 72 
20220003 软件工程 1.5 4 92 
20220004 软件工程 1.5 4 62 
20220005 软件工程 1.5 4 86 
20220006 软件工程 1.5 4 56 
20220007 软件工程 1.5 4 67 
20220008 软件工程 1.5 4 86 
20220009 软件工程 1.5 4 91 
20220010 软件工程 1.5 4 64 
20220011 软件工程 1.5 4 89 
20220012 软件工程 1.5 4 53 
20220013 软件工程 1.5 4 62 
20220014 软件工程 1.5 4 87 
20220015 软件工程 1.5 4 91
20230001 软件工程 1.5 4 76 
20230002 软件工程 1.5 4 68 
20230003 软件工程 1.5 4 75 
20230004 软件工程 1.5 4 91 
20230005 软件工程 1.5 4 64 
20230006 软件工程 1.5 4 72 
20230007 软件工程 1.5 4 74 
20230008 软件工程 1.5 4 86 
20230009 软件工程 1.5 4 87 
20230010 软件工程 1.5 4 83 
20230011 软件工程 1.5 4 98 
20230012 软件工程 1.5 4 56 
20230013 软件工程 1.5 4 92 
20230014 软件工程 1.5 4 87 
20230015 软件工程 1.5 4 72
20220001 面向对象 3.5 5 82
20220002 面向对象 3.5 5 98 
20220003 面向对象 3.5 5 92 
20220004 面向对象 3.5 5 86 
20220005 面向对象 3.5 5 86 
20220006 面向对象 3.5 5 72 
20220007 面向对象 3.5 5 76 
20220008 面向对象 3.5 5 86 
20220009 面向对象 3.5 5 91 
20220010 面向对象 3.5 5 64 
20220011 面向对象 3.5 5 82 
20220012 面向对象 3.5 5 98 
20220013 面向对象 3.5 5 65 
20220014 面向对象 3.5 5 87 
20220015 面向对象 3.5 5 98 
20230001 面向对象 3.5 5 74 
20230002 面向对象 3.5 5 87 
20230003 面向对象 3.5 5 72 
20230004 面向对象 3.5 5 64 
20230005 面向对象 3.5 5 68 
20230006 面向对象 3.5 5 92 
20230007 面向对象 3.5 5 86 
20230008 面向对象 3.5 5 76 
20230009 面向对象 3.5 5 83 
20230010 面向对象 3.5 5 98 
20230011 面向对象 3.5 5 75 
20230012 面向对象 3.5 5 91 
20230013 面向对象 3.5 5 56 
20230014 面向对象 3.5 5 87 
20230015 面向对象 3.5 5 72
20220001 操作系统 2.0 6 91
20220002 操作系统 2.0 6 78 
20220003 操作系统 2.0 6 92 
20220004 操作系统 2.0 6 75
20220005 操作系统 2.0 6 89
20220006 操作系统 2.0 6 72 
20220007 操作系统 2.0 6 92
20220008 操作系统 2.0 6 86 
20220009 操作系统 2.0 6 91 
20220010 操作系统 2.0 6 64 
20220011 操作系统 2.0 6 76
20220012 操作系统 2.0 6 98 
20220013 操作系统 2.0 6 65 
20220014 操作系统 2.0 6 86
20220015 操作系统 2.0 6 58
20230001 操作系统 2.0 6 74 
20230002 操作系统 2.0 6 83 
20230003 操作系统 2.0 6 75 
20230004 操作系统 2.0 6 92 
20230005 操作系统 2.0 6 75 
20230006 操作系统 2.0 6 64 
20230007 操作系统 2.0 6 72 
20230008 操作系统 2.0 6 86 
20230009 操作系统 2.0 6 87 
20230010 操作系统 2.0 6 87 
20230011 操作系统 2.0 6 68 
20230012 操作系统 2.0 6 91 
20230013 操作系统 2.0 6 98 
20230014 操作系统 2.0 6 72 
20230015 操作系统 2.0 6 78
20220001 计算机网络 3.0 7 19 
20220002 计算机网络 3.0 7 78 
20220003 计算机网络 3.0 7 75 
20220004 计算机网络 3.0 7 58 
20220005 计算机网络 3.0 7 86 
20220006 计算机网络 3.0 7 89 
20220007 计算机网络 3.0 7 72 
20220008 计算机网络 3.0 7 92 
20220009 计算机网络 3.0 7 92 
20220010 计算机网络 3.0 7 65 
20220011 计算机网络 3.0 7 91 
20220012 计算机网络 3.0 7 98 
20220013 计算机网络 3.0 7 86 
20220014 计算机网络 3.0 7 64 
20220015 计算机网络 3.0 7 76
20230001 计算机网络 3.0 7 77
20230002 计算机网络 3.0 7 68 
20230003 计算机网络 3.0 7 91 
20230004 计算机网络 3.0 7 87 
20230005 计算机网络 3.0 7 75 
20230006 计算机网络 3.0 7 72 
20230007 计算机网络 3.0 7 92 
20230008 计算机网络 3.0 7 86 
20230009 计算机网络 3.0 7 75 
20230010 计算机网络 3.0 7 74 
20230011 计算机网络 3.0 7 87 
20230012 计算机网络 3.0 7 68 
20230013 计算机网络 3.0 7 72 
20230014 计算机网络 3.0 7 98 
20230015 计算机网络 3.0 7 82
20220001 计算机系统 3.0 8 19 
20220002 计算机系统 3.0 8 78 
20220003 计算机系统 3.0 8 75 
20220004 计算机系统 3.0 8 58 
20220005 计算机系统 3.0 8 86 
20220006 计算机系统 3.0 8 89 
20220007 计算机系统 3.0 8 72 
20220008 计算机系统 3.0 8 91 
20220009 计算机系统 3.0 8 98 
20220010 计算机系统 3.0 8 76 
20220011 计算机系统 3.0 8 65 
20220012 计算机系统 3.0 8 86 
20220013 计算机系统 3.0 8 92 
20220014 计算机系统 3.0 8 64 
20220015 计算机系统 3.0 8 92 
20230001 计算机系统 3.0 8 74 
20230002 计算机系统 3.0 8 91 
20230003 计算机系统 3.0 8 72 
20230004 计算机系统 3.0 8 86 
20230005 计算机系统 3.0 8 75 
20230006 计算机系统 3.0 8 83 
20230007 计算机系统 3.0 8 98 
20230008 计算机系统 3.0 8 75 
20230009 计算机系统 3.0 8 87 
20230010 计算机系统 3.0 8 92 
20230011 计算机系统 3.0 8 68 
20230012 计算机系统 3.0 8 72 
20230013 计算机系统 3.0 8 98 
20230014 计算机系统 3.0 8 82 
20230015 计算机系统 3.0 8 65